t <- 32
n <- 75
s <- 10

N <- n * t / s
